0,409
64,35
3,2
3,1
3,3
10,97
10,207
10,93
10,137
10,193
10,33
10,35
10,1
10,169
10,2
10,3
11,25
11,27
11,21
11,17
11,11
11,5
11,1
11,7
11,2
11,3
9,7
9,1
9,5
9,2
9,3
8,9
8,12
8,6
8,15
8,17
8,1
8,10
8,2
8,3
12,2
12,1
12,3
20,2
20,1
20,3
19,2
19,1
19,3
18,1
18,3
14,3
13,1
13,3
2,2
2,1
2,3
63,5
63,4
63,3
63,2
63,1
63,0
62,4
62,3
62,2
62,1
62,0
61,5
61,4
61,3
61,2
61,1
61,0
60,5
60,4
60,3
60,2
60,1
60,0
59,9
59,8
59,7
59,6
59,5
59,4
59,3
59,2
59,1
59,0
57,4
57,3
57,2
57,1
57,0
56,4
56,3
56,2
56,1
56,0
55,5
55,4
55,3
55,2
55,1
55,0
53,6
53,5
53,4
53,3
53,2
53,1
53,0
52,4
52,3
52,2
52,1
52,0
51,6
51,5
